0
    0.1951
    0.3827
    0.5556
    0.7071
    0.8315
    0.9239
    0.9808
    1.0000
    0.9808
    0.9239
    0.8315
    0.7071
    0.5556
    0.3827
    0.1951
    0.0000
   -0.1951
   -0.3827
   -0.5556
   -0.7071
   -0.8315
   -0.9239
   -0.9808
   -1.0000
   -0.9808
   -0.9239
   -0.8315
   -0.7071
   -0.5556
   -0.3827
   -0.1951
    0.0000
    0.1951
    0.3827
    0.5556
    0.7071
    0.8315
    0.9239
    0.9808
    1.0000
    0.9808
    0.9239
    0.8315
    0.7071
    0.5556
    0.3827
    0.1951
    0.0000
   -0.1951
   -0.3827
   -0.5556
   -0.7071
   -0.8315
   -0.9239
   -0.9808
   -1.0000
   -0.9808
   -0.9239
   -0.8315
   -0.7071
   -0.5556
   -0.3827
   -0.1951
            0
    0.5000
    0.8660
    1.0000
    0.8660
    0.5000
    0.0000
   -0.5000
   -0.8660
   -1.0000
   -0.8660
   -0.5000
   -0.0000
    0.5000
    0.8660
    1.0000
    0.8660
    0.5000
    0.0000
   -0.5000
   -0.8660
   -1.0000
   -0.8660
   -0.5000
   -0.0000
    0.5000
    0.8660
    1.0000
    0.8660
    0.5000
    0.0000
   -0.5000
   -0.8660
   -1.0000
   -0.8660
   -0.5000
   -0.0000
    0.50000
    0.1951
    0.3827
    0.5556
    0.7071
    0.8315
    0.9239
    0.9808
    1.0000
    0.9808
    0.9239
    0.8315
    0.7071
    0.5556
    0.3827
    0.1951
    0.0000
   -0.1951
   -0.3827
   -0.5556
   -0.7071
   -0.8315
   -0.9239
   -0.9808
   -1.0000
   -0.9808
   -0.9239
   -0.8315
   -0.7071
   -0.5556
   -0.3827
   -0.1951
    0.0000
    0.1951
    0.3827
    0.5556
    0.7071
    0.8315
    0.9239
    0.9808
    1.0000
    0.9808
    0.9239
    0.8315
    0.7071
    0.5556
    0.3827
    0.1951
    0.0000
   -0.1951
   -0.3827
   -0.5556
   -0.7071
   -0.8315
   -0.9239
   -0.9808
   -1.0000
   -0.9808
   -0.9239
   -0.8315
   -0.7071
   -0.5556
   -0.3827
   -0.1951
            0
    0.5000
    0.8660
    1.0000
    0.8660
    0.5000
    0.0000
   -0.5000
   -0.8660
   -1.0000
   -0.8660
   -0.5000
   -0.0000
    0.5000
    0.8660
    1.0000
    0.8660
    0.5000
    0.0000
   -0.5000
   -0.8660
   -1.0000
   -0.8660
   -0.5000
   -0.0000
    0.5000
    0.8660
    1.0000
    0.8660
    0.5000
    0.0000
   -0.5000
   -0.8660
   -1.0000
   -0.8660
   -0.5000
   -0.0000
    0.5000
    0.8660
    1.0000
    0.8660
    0.5000
    0.0000
   -0.5000
   -0.8660
   -1.0000
   -0.8660
   -0.5000
   -0.0000
    0.5000
    0.8660
    1.0000
    0.8660
    0.5000
    0.0000
   -0.5000
   -0.8660
   -1.0000
   -0.8660
   -0.5000
   -0.0000
    0.5000
    0.8660
    1.0000
    0.8660
    1.0000
    0.8660
    0.5000
    0.0000
   -0.5000
   -0.8660
   -1.0000
   -0.8660
   -0.5000
   -0.0000
    0.5000
    0.8660
    1.0000
    0.8660
    0.5000
    0.0000
   -0.5000
   -0.8660
   -1.0000
   -0.8660
   -0.5000
   -0.0000
    0.5000
    0.8660
    1.0000
    0
    0.1951
    0.3827
    0.5556
    0.7071
    0.8315
    0.9239
    0.9808
    1.0000
    0.9808
    0.9239
    0.8315
    0.7071
    0.5556
    0.3827
    0.1951
    0.0000
   -0.1951
   -0.3827
   -0.5556
   -0.7071
   -0.8315
   -0.9239
   -0.9808
   -1.0000
   -0.9808
   -0.9239
   -0.8315
   -0.7071
   -0.5556
   -0.3827
   -0.1951
    0.0000
    0.1951
    0.3827
    0.5556
    0.7071
    0.8315
    0.9239
    0.9808
    1.0000
    0.9808
    0.9239
    0.8315
    0.7071
    0.5556
    0.3827
    0.1951
    0.0000
   -0.1951
   -0.3827
   -0.5556
   -0.7071
   -0.8315
   -0.9239
   -0.9808
   -1.0000
   -0.9808
   -0.9239
   -0.8315
   -0.7071
   -0.5556
   -0.3827
   -0.1951
            0
    0.5000
    0.8660
    1.0000
    0.8660
    0.5000
    0.0000
   -0.5000
   -0.8660
   -1.0000
   -0.8660
   -0.5000
   -0.0000
    0.5000
    0.8660
    1.0000
    0.8660
    0.5000
    0.0000
   -0.5000
   -0.8660
   -1.0000
   -0.8660
   -0.5000
   -0.0000
    0.5000
    0.8660
    1.0000
    0.8660
    0.5000
    0.0000
   -0.5000
   -0.8660
   -1.0000
   -0.8660
   -0.5000
   -0.0000
    0.5000
    0.8660
    1.0000
    0.8660
    0.5000
    0.0000
   -0.5000
   -0.8660
   -1.0000
   -0.8660
   -0.5000
   -0.0000
    0.5000
    0.8660
    1.0000
    0.8660
    0.5000
    0.0000
   -0.5000
   -0.8660
   -1.0000
   -0.8660
   -0.5000
   -0.0000
    0.5000
    0.8660
    1.0000
    0
    0.1951
    0.3827
    0.5556
    0.7071
    0.8315
    0.9239
    0.9808
    1.0000
    0.9808
    0.9239
    0.8315
    0.7071
    0.5556
    0.3827
    0.1951
    0.0000
   -0.1951
   -0.3827
   -0.5556
   -0.7071
   -0.8315
   -0.9239
   -0.9808
   -1.0000
   -0.9808
   -0.9239
   -0.8315
   -0.7071
   -0.5556
   -0.3827
   -0.1951
    0.0000
    0.1951
    0.3827
    0.5556
    0.7071
    0.8315
    0.9239
    0.9808
    1.0000
    0.9808
    0.9239
    0.8315
    0.7071
    0.5556
    0.3827
    0.1951
    0.0000
   -0.1951
   -0.3827
   -0.5556
   -0.7071
   -0.8315
   -0.9239
   -0.9808
   -1.0000
   -0.9808
   -0.9239
   -0.8315
   -0.7071
   -0.5556
   -0.3827
   -0.1951
            0
    0.5000
    0.8660
    1.0000
    0.8660
    0.5000
    0.0000
   -0.5000
   -0.8660
   -1.0000
   -0.8660
   -0.5000
   -0.0000
    0.5000
    0.8660
    1.0000
    0.8660
    0.5000
    0.0000
   -0.5000
   -0.8660
   -1.0000
   -0.8660
   -0.5000
   -0.0000
    0.5000
    0.8660
    1.0000
    0.8660
    0.5000
    0.0000
   -0.5000
   -0.8660
   -1.0000
   -0.8660
   -0.5000
   -0.0000
    0.5000
    0.8660
    1.0000
    0.8660
    0.5000
    0.0000
   -0.5000
   -0.8660
   -1.0000
   -0.8660
   -0.5000
   -0.0000
    0.5000
    0.8660
    1.0000
    0.8660
    0.5000
    0.0000
   -0.5000
   -0.8660
   -1.0000
   -0.8660
   -0.5000
   -0.0000
    0.5000
    0.8660
    1.0000
    0
    0.1951
    0.3827
    0.5556
    0.7071
    0.8315
    0.9239
    0.9808
    1.0000
    0.9808
    0.9239
    0.8315
    0.7071
    0.5556
    0.3827
    0.1951
    0.0000
   -0.1951
   -0.3827
   -0.5556
   -0.7071
   -0.8315
   -0.9239
   -0.9808
   -1.0000
   -0.9808
   -0.9239
   -0.8315
   -0.7071
   -0.5556
   -0.3827
   -0.1951
    0.0000
    0.1951
    0.3827
    0.5556
    0.7071
    0.8315
    0.9239
    0.9808
    1.0000
    0.9808
    0.9239
    0.8315
    0.7071
    0.5556
    0.3827
    0.1951
    0.0000
   -0.1951
   -0.3827
   -0.5556
   -0.7071
   -0.8315
   -0.9239
   -0.9808
   -1.0000
   -0.9808
   -0.9239
   -0.8315
   -0.7071
   -0.5556
   -0.3827
   -0.1951
            0
    0.5000
    0.8660
    1.0000
    0.8660
    0.5000
    0.0000
   -0.5000
   -0.8660
   -1.0000
   -0.8660
   -0.5000
   -0.0000
    0.5000
    0.8660
    1.0000
    0.8660
    0.5000
    0.0000
   -0.5000
   -0.8660
   -1.0000
   -0.8660
   -0.5000
   -0.0000
    0.5000
    0.8660
    1.0000
    0.8660
    0.5000
    0.0000
   -0.5000
   -0.8660
   -1.0000
   -0.8660
   -0.5000
   -0.0000
    0.5000
    0.8660
    1.0000
    0.8660
    0.5000
    0.0000
   -0.5000
   -0.8660
   -1.0000
   -0.8660
   -0.5000
   -0.0000
    0.5000
    0.8660
    1.0000
    0.8660
    0.5000
    0.0000
   -0.5000
   -0.8660
   -1.0000
   -0.8660
   -0.5000
   -0.0000
    0.5000
    0.8660
    1.0000