0
    1.0000
    0.0000
   -1.0000
   -0.0000
    1.0000
    0.0000
   -1.0000
   -0.0000
    1.0000
    0.0000
   -1.0000
   -0.0000
    1.0000
    0.0000
   -1.0000
   -0.0000
    1.0000
    0.0000
   -1.0000
   -0.0000
    1.0000
    0.0000
   -1.0000
   -0.0000
    1.0000
   -0.0000
   -1.0000
   -0.0000
    1.0000
    0.0000
   -1.0000
    0.0000
    1.0000
   -0.0000
   -1.0000
    0.0000
    1.0000
   -0.0000
   -1.0000
    0.0000
    1.0000
   -0.0000
   -1.0000
    0.0000
    1.0000
   -0.0000
   -1.0000
   -0.0000
    1.0000
   -0.0000
   -1.0000
    0.0000
    1.0000
   -0.0000
   -1.0000
   -0.0000
    1.0000
   -0.0000
   -1.0000
    0.0000
    1.0000
   -0.0000
   -1.0000
         0
    0.1951
    0.3827
    0.5556
    0.7071
    0.8315
    0.9239
    0.9808
    1.0000
    0.9808
    0.9239
    0.8315
    0.7071
    0.5556
    0.3827
    0.1951
    0.0000
   -0.1951
   -0.3827
   -0.5556
   -0.7071
   -0.8315
   -0.9239
   -0.9808
   -1.0000
   -0.9808
   -0.9239
   -0.8315
   -0.7071
   -0.5556
   -0.3827
   -0.1951
    0.0000
    0.1951
    0.3827
    0.5556
    0.7071
    0.8315
    0.9239
    0.9808
    1.0000
    0.9808
    0.9239
    0.8315
    0.7071
    0.5556
    0.3827
    0.1951
    0.0000
   -0.1951
   -0.3827
   -0.5556
   -0.7071
   -0.8315
   -0.9239
   -0.9808
   -1.0000
   -0.9808
   -0.9239
   -0.8315
   -0.7071
   -0.5556
   -0.3827
   -0.1951
            0
    0.5000
    0.8660
    1.0000
    0.8660
    0.5000
    0.0000
   -0.5000
   -0.8660
   -1.0000
   -0.8660
   -0.5000
   -0.0000
    0.5000
    0.8660
    1.0000
    0.8660
    0.5000
    0.0000
   -0.5000
   -0.8660
   -1.0000
   -0.8660
   -0.5000
   -0.0000
    0.5000
    0.8660
    1.0000
    0.8660
    0.5000
    0.0000
   -0.5000
   -0.8660
   -1.0000
   -0.8660
   -0.5000
   -0.0000
    0.5000
    0.8660
    1.0000
    0.8660
    0.5000
    0.0000
   -0.5000
   -0.8660
   -1.0000
   -0.8660
   -0.5000
   -0.0000
    0.5000
    0.8660
    1.0000
    0.8660
    0.5000
    0.0000
   -0.5000
   -0.8660
   -1.0000
   -0.8660
   -0.5000
   -0.0000
    0.5000
    0.8660
    1.0000
             0
    0.4674
    0.7496
    0.7542
    0.5244
    0.2081
   -0.0254
   -0.0754
    0.0447
    0.2293
    0.3526
    0.3462
    0.2357
    0.1162
    0.0829
    0.1627
    0.2887
    0.3373
    0.2058
   -0.1162
   -0.5244
   -0.8462
   -0.9300
   -0.7293
   -0.3333
    0.0754
    0.3140
    0.2919
    0.0530
   -0.2542
   -0.4609
   -0.4674
   -0.2887
   -0.0326
    0.1722
    0.2542
    0.2357
    0.2081
    0.2633
    0.4246
    0.6220
    0.7293
    0.6413
    0.3462
   -0.0530
   -0.3838
   -0.4944
   -0.3373
   -0.0000
    0.3373
    0.4944
    0.3838
    0.0530
   -0.3462
   -0.6413
   -0.7293
   -0.6220
   -0.4246
   -0.2633
   -0.2081
   -0.2357
   -0.2542
   -0.1722
    0.0326
           0
    1.4022
    2.2487
    2.2627
    1.5731
    0.6244
   -0.0761
   -0.2263
    0.1340
    0.6879
    1.0579
    1.0386
    0.7071
    0.3485
    0.2487
    0.4880
    0.8660
    1.0120
    0.6173
   -0.3485
   -1.5731
   -2.5386
   -2.7899
   -2.1879
   -1.0000
    0.2263
    0.9421
    0.8756
    0.1589
   -0.7627
   -1.3827
   -1.4022
   -0.8660
   -0.0978
    0.5167
    0.7627
    0.7071
    0.6244
    0.7899
    1.2737
    1.8660
    2.1879
    1.9239
    1.0386
   -0.1589
   -1.1515
   -1.4833
   -1.0120
   -0.0000
    1.0120
    1.4833
    1.1515
    0.1589
   -1.0386
   -1.9239
   -2.1879
   -1.8660
   -1.2737
   -0.7899
   -0.6244
   -0.7071
   -0.7627
   -0.5167
    0.0978
    0
    0