         0
    0.7071
    1.0000
    0.7071
    0.0000
   -0.7071
   -1.0000
   -0.7071
   -0.0000
    0.7071
    1.0000
    0.7071
    0.0000
   -0.7071
   -1.0000
   -0.7071
   -0.0000
    0.7071
    1.0000
    0.7071
    0.0000
   -0.7071
   -1.0000
   -0.7071
   -0.0000
    0.7071
    1.0000
    0.7071
    0.0000
   -0.7071
   -1.0000
   -0.7071
   -0.0000
    0.7071
    1.0000
    0.7071
    0.0000
   -0.7071
   -1.0000
   -0.7071
    0.0000
    0.7071
    1.0000
    0.7071
   -0.0000
   -0.7071
   -1.0000
   -0.7071
   -0.0000
    0.7071
    1.0000
    0.7071
   -0.0000
   -0.7071
   -1.0000
   -0.7071
    0.0000
    0.7071
    1.0000
    0.7071
   -0.0000
   -0.7071
   -1.0000
   -0.7071
   -0.0000
    0.7071
    1.0000
    0.7071
   -0.0000
   -0.7071
   -1.0000
   -0.7071
   -0.0000
    0.7071
    1.0000
    0.7071
   -0.0000
   -0.7071
   -1.0000
   -0.7071
