         0
    0.3827
    0.7071
    0.9239
    1.0000
    0.9239
    0.7071
    0.3827
    0.0000
   -0.3827
   -0.7071
   -0.9239
   -1.0000
   -0.9239
   -0.7071
   -0.3827
   -0.0000
    0.3827
    0.7071
    0.9239
    1.0000
    0.9239
    0.7071
    0.3827
    0.0000
   -0.3827
   -0.7071
   -0.9239
   -1.0000
   -0.9239
   -0.7071
   -0.3827
   -0.0000
    0.3827
    0.7071
    0.9239
    1.0000
    0.9239
    0.7071
    0.3827
   -0.0000
   -0.3827
   -0.7071
   -0.9239
   -1.0000
   -0.9239
   -0.7071
   -0.3827
   -0.0000
    0.3827
    0.7071
    0.9239
    1.0000
    0.9239
    0.7071
    0.3827
   -0.0000
   -0.3827
   -0.7071
   -0.9239
   -1.0000
   -0.9239
   -0.7071
   -0.3827
   -0.0000
    0.3827
    0.7071
    0.9239
    1.0000
    0.9239
    0.7071
    0.3827
    0.0000
   -0.3827
   -0.7071
   -0.9239
   -1.0000
   -0.9239
   -0.7071
   -0.3827
