         0
    0.6913
    0.3536
   -0.0381
    0.5000
    0.9619
    0.3536
   -0.3087
   -0.0000
    0.3087
   -0.3536
   -0.9619
   -0.5000
    0.0381
   -0.3536
   -0.6913
   -0.0000
    0.6913
    0.3536
   -0.0381
    0.5000
    0.9619
    0.3536
   -0.3087
   -0.0000
    0.3087
   -0.3536
   -0.9619
   -0.5000
    0.0381
   -0.3536
   -0.6913
   -0.0000
    0.6913
    0.3536
   -0.0381
    0.5000
    0.9619
    0.3536
   -0.3087
    0.0000
    0.3087
   -0.3536
   -0.9619
   -0.5000
    0.0381
   -0.3536
   -0.6913
   -0.0000
    0.6913
    0.3536
   -0.0381
    0.5000
    0.9619
    0.3536
   -0.3087
    0.0000
    0.3087
   -0.3536
   -0.9619
   -0.5000
    0.0381
   -0.3536
   -0.6913
   -0.0000
    0.6913
    0.3536
   -0.0381
    0.5000
    0.9619
    0.3536
   -0.3087
   -0.0000
    0.3087
   -0.3536
   -0.9619
   -0.5000
    0.0381
   -0.3536
   -0.6913
