    1.0000
    0.9969
    0.9877
    0.9724
    0.9511
    0.9239
    0.8910
    0.8526
    0.8090
    0.7604
    0.7071
    0.6494
    0.5878
    0.5225
    0.4540
    0.3827
    0.3090
    0.2334
    0.1564
    0.0785
    0.0000
   -0.0785
   -0.1564
   -0.2334
   -0.3090
   -0.3827
   -0.4540
   -0.5225
   -0.5878
   -0.6494
   -0.7071
   -0.7604
   -0.8090
   -0.8526
   -0.8910
   -0.9239
   -0.9511
   -0.9724
   -0.9877
   -0.9969
   -1.0000
   -0.9969
   -0.9877
   -0.9724
   -0.9511
   -0.9239
   -0.8910
   -0.8526
   -0.8090
   -0.7604
   -0.7071
   -0.6494
   -0.5878
   -0.5225
   -0.4540
   -0.3827
   -0.3090
   -0.2334
   -0.1564
   -0.0785
   -0.0000
    0.0785
    0.1564
    0.2334
    0.3090
    0.3827
    0.4540
    0.5225
    0.5878
    0.6494
    0.7071
    0.7604
    0.8090
    0.8526
    0.8910
    0.9239
    0.9511
    0.9724
    0.9877
    0.9969
