         0
         0
         0
         0
         0
         0
         0
         0
         0
         0
         0
         0
         0
         0
         0
         0
         0
         0
         0
         0
         0
         0
         0
         0
         0
         0
         0
         0
         0
         0
         0
         0
         0
         0
         0
    0.0305
         0
   -0.0305
   -0.0305
         0
         0
         0
         0
         0
         0
         0
         0
    0.0305
         0
         0
   -0.0305
   -0.0305
         0
         0
         0
         0
         0
         0
         0
         0
         0
         0
         0
         0
         0
         0
         0
   -0.0305
         0
         0
         0
         0
         0
         0
         0
         0
         0
         0
         0
         0
         0
         0
         0
         0
         0
         0
         0
         0
         0
    0.0305
    0.0305
         0
         0
   -0.0305
   -0.0305
         0
         0
    0.0305
         0
         0
         0
    0.0305
    0.0305
         0
   -0.0305
   -0.0305
         0
    0.0305
    0.0305
         0
         0
         0
         0
         0
         0
         0
         0
         0
         0
         0
         0
         0
         0
         0
    0.0305
    0.0305
    0.0305
         0
         0
         0
         0
         0
         0
    0.0305
    0.0305
    0.0305
         0
         0
         0
         0
         0
         0
    0.0305
         0
         0
         0
         0
    0.0305
         0
         0
   -0.0305
         0
         0
    0.0305
    0.0305
         0
    0.0305
         0
    0.0305
    0.0305
         0
         0
         0
         0
         0
    0.0305
         0
         0
         0
         0
         0
         0
    0.0305
    0.0305
         0
         0
    0.0305
         0
   -0.0305
    0.0305
    0.0305
         0
   -0.0305
         0
    0.0305
         0
         0
   -0.0305
         0
         0
         0
         0
         0
   -0.0305
    0.0305
         0
   -0.0305
    0.0610
         0
    0.0305
    0.0305
         0
         0
   -0.0305
    0.0305
   -0.0305
   -0.0305
         0
         0
   -0.0305
   -0.0305
         0
    0.0305
   -0.0305
         0
    0.0610
   -0.0305
         0
         0
   -0.0305
         0
   -0.0305
         0
   -0.0305
   -0.0305
         0
   -0.0305
   -0.0305
    0.0305
         0
         0
    0.0305
    0.0305
         0
         0
    0.0305
         0
         0
    0.0305
         0
    0.0610
    0.0305
         0
         0
         0
    0.0916
    0.0305
   -0.0305
         0
    0.0305
    0.0305
         0
   -0.0305
         0
    0.0305
    0.0305
         0
    0.0305
    0.0610
    0.0305
   -0.0610
         0
    0.0610
    0.0305
    0.0610
    0.0305
    0.0305
   -0.0305
         0
    0.0305
    0.0305
         0
         0
    0.0610
         0
    0.0305
         0
         0
   -0.0305
         0
    0.0916
         0
   -0.0305
         0
    0.0305
   -0.0305
   -0.0305
    0.0305
   -0.0305
    0.0305
    0.0305
    0.0610
   -0.0305
   -0.0610
   -0.0305
         0
    0.0305
    0.0305
    0.1221
         0
   -0.0610
    0.0305
    0.0305
         0
   -0.0305
    0.0305
    0.0916
    0.0916
    0.0610
   -0.0305
    0.0305
    0.0610
         0
   -0.0610
    0.0610
    0.1221
    0.0610
    0.0305
   -0.0610
    0.0610
    0.0610
    0.0916
    0.1526
    0.0916
    0.0916
    0.1221
    0.0305
         0
    0.0305
         0
    0.0610
    0.1526
    0.1831
    0.1526
    0.1221
    0.1221
    0.0305
    0.0305
    0.0305
         0
         0
   -0.0305
    0.0916
    0.0610
   -0.0305
    0.2441
    0.0610
   -0.0610
    0.2441
    0.1831
    0.1831
         0
         0
    0.0305
   -0.2441
    0.0610
    0.1526
   -0.0305
    0.0610
    0.0610
    0.1526
         0
    0.2136
    0.3662
   -0.0916
         0
    0.1831
    0.2747
    0.2747
    0.2136
   -0.0916
    0.1221
    0.1526
    0.0610
    0.0916
    0.0916
    0.1831
    0.1831
    0.0610
   -0.1221
    0.2441
    0.2441
    0.1221
    0.1221
    0.0305
    0.1221
    0.5493
    0.1526
    0.1526
    0.4272
    0.2441
    0.1221
   -0.0610
    0.4272
    0.2441
    0.0305
    0.1831
    0.3357
    0.4578
    0.4578
    0.4272
    0.2747
    0.0305
    0.5493
    0.3967
   -0.0916
    0.4578
    0.3357
    0.0916
    0.3967
    0.1221
    0.0916
    0.3357
    0.5493
    0.5493
    0.2441
    0.3662
    0.3052
    0.3052
    0.3357
    0.3052
    0.0610
    0.3052
    0.3357
    0.2136
    0.4272
    0.3357
    0.2441
    0.1831
    0.2136
    0.2136
    0.3357
    0.0916
    0.0610
    0.1831
    0.1221
    0.2441
    0.4883
    0.1221
    0.3662
    0.5493
    0.1221
    0.0610
    0.1221
    0.2136
    0.3052
    0.2747
    0.0305
    0.0610
    0.0916
    0.2441
    0.0916
    0.0305
    0.0916
    0.2747
    0.1221
   -0.0305
    0.0610
    0.0916
    0.1221
   -0.0610
    0.4578
    0.3662
   -0.0610
    0.1221
    0.0916
    0.1526
         0
    0.1831
    0.3052
    0.2441
    0.1221
    0.1221
   -0.0916
    0.0916
    0.1526
   -0.0916
    0.3967
    0.4272
